7001 1513124699.218826 586870.044077 4140879.622049 -28.940159 -0.000649 -0.001762 -0.773959 0.633233
7002 1513124699.318877 586869.757386 4140878.216204 -28.937578 -0.000919 -0.001633 -0.774964 0.632002
7003 1513124699.419101 586869.467424 4140876.811447 -28.934553 -0.002381 -0.002063 -0.775991 0.630736
7004 1513124699.519152 586869.175313 4140875.409725 -28.929860 -0.004016 -0.002126 -0.777045 0.629428
7005 1513124699.619204 586868.878657 4140874.004552 -28.920506 -0.004698 -0.001005 -0.778108 0.628112
7006 1513124699.719255 586868.579505 4140872.595430 -28.910518 -0.004790 0.001806 -0.779135 0.626836
7007 1513124699.819306 586868.273342 4140871.187551 -28.903600 -0.004434 0.003696 -0.780137 0.625583
7008 1513124699.919357 586867.962811 4140869.785992 -28.900478 -0.005184 0.004179 -0.781107 0.624361
7009 1513124700.019421 586867.643789 4140868.387106 -28.898876 -0.005629 0.003128 -0.782026 0.623213
7010 1513124700.119473 586867.317690 4140866.987917 -28.895594 -0.005203 0.002021 -0.782885 0.622141
7011 1513124700.219524 586866.988636 4140865.588736 -28.890229 -0.004959 0.001534 -0.783747 0.621059
7012 1513124700.319575 586866.657789 4140864.190817 -28.883086 -0.005296 0.000998 -0.784677 0.619882
7013 1513124700.419626 586866.323994 4140862.792568 -28.875419 -0.005547 0.001485 -0.785641 0.618657
7014 1513124700.519677 586865.986366 4140861.392749 -28.867722 -0.005321 0.002262 -0.786549 0.617500
7015 1513124700.619729 586865.642857 4140859.994561 -28.860721 -0.004750 0.002456 -0.787377 0.616448
7016 1513124700.719780 586865.294192 4140858.599974 -28.857262 -0.004102 0.001888 -0.788055 0.615589
7017 1513124700.819831 586864.941860 4140857.207051 -28.852690 -0.003704 0.000644 -0.788485 0.615043
7018 1513124700.919882 586864.586830 4140855.815137 -28.848199 -0.003148 -0.000762 -0.788798 0.614644
7019 1513124701.019940 586864.233751 4140854.420436 -28.841997 -0.002777 -0.000880 -0.789093 0.614267
7020 1513124701.119992 586863.879793 4140853.025267 -28.835696 -0.001913 -0.000297 -0.789251 0.614068
7021 1513124701.220043 586863.527660 4140851.629285 -28.832534 -0.001542 0.000530 -0.789368 0.613919
7022 1513124701.320094 586863.174386 4140850.234420 -28.832849 -0.001431 0.000528 -0.789374 0.613911
7023 1513124701.420145 586862.819556 4140848.842862 -28.833071 -0.001235 -0.000552 -0.789271 0.614043
7024 1513124701.520196 586862.464784 4140847.451171 -28.832824 -0.001276 -0.001531 -0.788976 0.614421
7025 1513124701.620248 586862.109962 4140846.058901 -28.827621 -0.000900 -0.003060 -0.788651 0.614833
7026 1513124701.720299 586861.760791 4140844.663977 -28.822273 -0.001135 -0.002897 -0.788438 0.615107
7027 1513124701.820350 586861.414005 4140843.266001 -28.816284 -0.000859 -0.001858 -0.788189 0.615430
7028 1513124701.920401 586861.066747 4140841.865096 -28.813971 0.000384 -0.000857 -0.787771 0.615968
7029 1513124702.020458 586860.716982 4140840.467087 -28.815252 0.001907 -0.001362 -0.787357 0.616493
7030 1513124702.120510 586860.373412 4140839.072587 -28.819059 0.001285 -0.002019 -0.787138 0.616772
7031 1513124702.220561 586860.034610 4140837.678897 -28.819557 -0.000967 -0.002093 -0.787100 0.616821
7032 1513124702.320612 586859.700570 4140836.284338 -28.815088 -0.004024 -0.001035 -0.787240 0.616633
7033 1513124702.420663 586859.363660 4140834.889592 -28.803582 -0.005713 -0.000457 -0.787474 0.616321
7034 1513124702.520714 586859.025361 4140833.491365 -28.789344 -0.006534 0.000993 -0.787721 0.615997
7035 1513124702.620766 586858.681260 4140832.091927 -28.776980 -0.005725 0.002052 -0.787870 0.615812
7036 1513124702.720817 586858.330421 4140830.696498 -28.768752 -0.004194 0.001312 -0.788037 0.615612
7037 1513124702.820868 586857.977528 4140829.304382 -28.765689 -0.003369 0.000214 -0.788272 0.615318
7038 1513124702.920919 586857.625930 4140827.907476 -28.764830 -0.002060 0.000418 -0.788653 0.614834
7039 1513124703.020977 586857.272412 4140826.510193 -28.764658 -0.000554 0.001597 -0.789126 0.614229
7040 1513124703.121029 586856.921310 4140825.117795 -28.766894 -0.001105 0.001923 -0.789734 0.613446
7041 1513124703.221080 586856.569916 4140823.729014 -28.768547 -0.003255 0.001861 -0.790317 0.612687
7042 1513124703.321131 586856.214974 4140822.335213 -28.766880 -0.003817 0.002806 -0.790879 0.611954
7043 1513124703.421182 586855.854517 4140820.938361 -28.763745 -0.002912 0.004279 -0.791348 0.611344
7044 1513124703.521233 586855.488826 4140819.546093 -28.764862 -0.002110 0.003749 -0.791667 0.610938
7045 1513124703.621285 586855.120209 4140818.158309 -28.767645 -0.002209 0.001874 -0.791843 0.610718
7046 1513124703.721336 586854.751062 4140816.773797 -28.767587 -0.002704 -0.000691 -0.791893 0.610653
7047 1513124703.821387 586854.380231 4140815.387045 -28.761851 -0.003037 -0.002867 -0.791982 0.610531
7048 1513124703.921438 586854.013859 4140813.995588 -28.751989 -0.003013 -0.002765 -0.792174 0.610281
7049 1513124704.021495 586853.646306 4140812.600866 -28.741436 -0.001945 -0.001700 -0.792291 0.610138
7050 1513124704.121547 586853.279001 4140811.207337 -28.734503 -0.001161 -0.000913 -0.792370 0.610039